408
41×83 LinearAlgebra.Transpose{Int64,Array{Int64,2}}:
 20  21  22  23  24  25  26  29  28  29  30  31  32  33  34  35  36  37  38  39  40  41  42  43  44  45  46  47  48  49  50  51  52  53  54  55  56  57  60  59  60  61  62  63  64  65   66   67   68   95   94   95   96   97   98   99  100  101  102  103  104  105  106  107  108  109  110  111  112  113  114  115  116  117  118  119  120  121  122  123  124  125  126
 19  20  21  22  23  24  25  26  27  28  29  30  31  32  35  34  35  36  37  38  39  40  41  42  43  44  45  46  47  48  49  50  51  52  -1  54  55  56  57  58  59  60  61  62  63  64   65   66   67   68   93   94   95   96   97   98   99  100  101  102  103  104  105  106  107  108  109  110  111  112  113  114  115  116  117  118  119  120  121  122  123  124  125
 18  19  20  21  22  23  24  25  26  27  28  29  30  31  34  33  34  35  36  37  38  39  40  41  42  43  44  45  46  47  48  49  50  51  52  53  54  55  56  57  58  59  60  61  62  63   64   65   66   67   92   93   94   95   96   97   98   99  100  101  102  103  104  105  106  109  110  111  112  113  114  115  116  117  118  119  120  121  122  123  124  125  126
 17  18  19  20  21  22  23  24  25  26  27  28  29  30  31  32  33  34  35  36  37  38  39  40  41  42  43  44  45  46  47  48  49  50  51  52  53  54  55  56  57  58  59  -1  61  62   63   88   89   90   91   92   93   94   95   96   97   98   99  100  101  102  103  104  105  110  111  112  113  114  115  116  117  118  119  120  121  122  123  124  125  126  127
 16  17  18  19  20  21  22  23  24  25  26  27  28  29  30  31  32  33  34  35  36  37  38  39  40  41  42  43  44  45  46  47  48  49  50  51  52  55  54  55  56  57  58  -1  60  61   62   87   88   89   90   91   92   93   94   95   96   97  100   99  102  103  104  105  106  109  110  111  112  113  114  115  116  117  118  119  120  121  122  123  124  125  126
 15  16  17  18  19  20  21  22  23  24  25  26  27  28  29  30  31  32  33  34  35  36  37  38  39  40  41  42  43  44  45  46  47  48  49  50  51  52  53  54  55  56  57  58  59  60   87   86   87   88   89   90   91   92   93   94   95   96   97   98  103  104  105  106  107  108  109  110  111  112  113  114  115  116  117  118  119  120  121  122  123  124  127
 14  15  16  17  18  19  20  21  22  23  24  25  26  27  28  29  30  31  32  33  34  35  36  37  38  39  40  41  42  43  44  45  46  47  48  49  50  51  52  53  54  55  56  57  58  59   86   85   86   87   88   89   90   91   92   93  212  213  214  215  216  217  106  107  108  109  110  111  112  113  114  115  116  117  118  119  120  121  122  123  124  125  126
 13  14  15  16  17  18  19  20  21  22  23  24  25  26  27  28  29  30  31  32  33  34  35  36  37  38  39  40  41  42  43  44  45  46  47  48  49  50  51  52  53  54  55  56  57  58   85   84   85   86   87   88   89   90   91  210  211  212  213  214  215  216  217  218  109  110  111  112  113  114  115  116  117  118  119  120  121  122  123  124  125  126  127
 12  13  14  15  16  17  18  19  20  21  22  23  24  25  26  27  28  29  30  31  32  33  34  35  36  37  38  39  40  41  42  43  44  45  46  47  48  49  50  51  52  53  54  55  56  57   58   83   84   85   86   87   88   89  208  209  210  211  212  305  216  217  218  219  220  111  112  113  114  115  116  117  118  119  120  121  122  123  124  125  126  127  128
 11  12  13  14  15  16  17  18  19  20  21  22  23  24  25  26  27  28  29  30  31  32  33  34  35  36  37  38  39  40  41  42  43  44  45  46  47  50  51  52  53  54  55  56  57  58   59   82   83   84   85   86   87   88  207  208  209  302  303  304  305  306  219  220  221  222  223  114  115  116  117  118  119  120  121  122  123  124  125  126  127  128  129
 10  11  12  13  14  15  16  17  18  19  20  21  22  23  24  25  26  27  28  29  30  31  32  33  34  35  36  37  38  39  40  41  42  43  44  45  46  47  48  77  76  55  56  57  78  59   80   81   82   83   84   85   86  205  206  207  300  301  302  303  304  305  306  307  222  223  224  225  226  227  228  229  120  121  122  123  124  125  126  127  128  129  130
  9  10  11  12  13  14  15  16  17  18  19  20  21  22  23  24  25  26  27  28  31  32  33  34  35  36  37  38  39  40  41  42  43  44  45  46  47  48  49  76  75  56  57  76  77  78   79   80   81   82   83   84   85  204  205  206  299  300  301  302  373  306  307  308  309  224  225  226  227  228  229  230  231  122  123  124  125  126  127  126  127  128  129
  8   9  10  11  12  13  14  15  16  17  18  21  22  23  24  25  26  27  28  29  32  33  34  35  36  37  38  39  40  41  42  43  44  45  46  47  48  49  76  75  74  73  74  75  76  77   78   79   80   83   84   85  202  203  204  297  298  299  370  371  372  373  308  309  310  311  312  227  228  229  230  231  232  233  234  125  126  127  126  125  126  127  128
  7   8   9  10  11  12  13  14  15  16  17  22  23  24  25  26  27  28  29  30  31  34  35  36  37  38  39  40  41  42  43  44  45  46  47  48  49  50  51  74  73  72  73  74  75  76   77   78   79   84   85  200  201  202  203  296  297  368  369  370  371  372  373  310  311  312  313  314  315  316  317  232  233  234  235  126  127  126  125  124  125  126  127
  6   7   8   9  10  11  12  13  14  15  16  17  18  19  26  27  28  29  30  31  32  35  36  37  38  39  40  41  42  43  44  45  46  47  48  49  52  53  52  73  72  71  72  73  74  75   76   77   78   85  198  199  200  201  294  295  296  367  368  369  412  373  374  375  312  313  314  315  316  317  318  319  234  235  236  237  128  127  124  123  124  125  126
  5   6   7   8   9  10  11  12  13  14  15  16  17  18  27  28  29  30  31  32  37  36  37  38  39  40  41  42  43  44  45  46  47  48  49  50  51  52  53  72  71  70  71  72  73  74   75   76  195  196  197  198  291  292  293  294  295  366  367  368  411  412  375  376  377  378  379  380  381  382  319  320  321  236  237  238  129  128  123  122  123  124  125
  4   5   6   7   8  -1  -1  -1  12  13  14  15  28  27  28  29  30  31  32  33  34  35  36  39  40  41  42  43  44  45  46  49  48  49  50  51  52  53  54  71  70  69  70  71  72  73   74  195  194  195  196  289  290  291  292  293  364  365  366  411  410  411  412  377  378  379  380  381  382  383  320  321  322  237  238  131  130  129  122  121  122  123  124
  3   4   5   6   7   8  -1  -1  11  12  13  14  15  26  27  28  29  30  31  32  33  34  35  40  41  42  43  44  45  46  47  48  49  50  51  52  53  54  55  56  57  68  69  70  71  72  195  194  193  194  289  288  289  290  361  362  363  364  365  410  409  410  411  378  413  414  415  382  383  384  321  322  323  238  239  132  131  130  121  120  121  122  123
  2   3   4   5   6   7   8   9  10  11  12  13  14  25  26  27  28  29  30  31  32  33  34  41  42  43  44  45  46  49  48  49  50  51  52  53  54  55  56  57  58  67  68  69  70  71  194  193  192  289  288  287  362  361  360  361  362  409  410  409  408  409  410  411  412  413  414  383  384  385  322  323  240  239  240  133  132  131  120  119  120  121  122
  1   2   3   4   5   6   7   8   9  20  21  14  15  24  25  26  27  28  29  30  31  32  33  34  35  44  45  46  47  48  49  50  51  52  53  54  55  56  57  58  65  66  67  68  69  70  193  192  191  288  287  286  361  360  359  410  409  408  409  408  407  408  409  410  411  412  413  384  385  386  323  324  241  240  241  134  133  132  119  118  119  120  121
  0   1   2   3   4   5   6   7  18  19  20  21  22  23  24  25  26  27  28  29  30  31  32  33  34  35  46  47  48  49  50  51  52  53  54  55  56  57  58  65  64  65  66  67  68  69  192  191  190  287  286  285  360  359  358  409  408  407  408  407  406  407  408  409  410  411  386  385  326  325  324  243  242  241  136  135  134  119  118  117  118  119  120
  1   2   3   4   5   6   7  16  17  18  19  20  21  22  23  24  25  26  27  28  29  30  31  32  33  48  47  48  49  50  51  52  53  54  55  56  57  58  59  60  63  64  65  66  67  68  191  190  189  286  285  284  359  358  357  408  407  406  405  404  405  406  407  408  409  388  387  386  327  326  325  244  243  242  137  136  135  118  117  116  117  118  119
  2   3   4   5   6  15  14  15  16  17  18  19  20  21  22  23  24  25  26  27  28  29  30  -1  -1  43  44  49  50  51  52  53  54  55  56  57  58  59  60  61  62  63  64  65  66  67  190  189  188  285  284  283  358  357  356  355  406  405  404  403  404  405  406  407  408  409  388  387  328  327  326  245  244  243  138  137  136  117  116  115  116  117  118
  3   4   5   6   7  14  13  14  15  16  17  18  19  20  21  22  23  24  25  26  27  28  29  -1  -1  42  43  44  51  46  47  48  55  54  55  56  57  58  59  60  61  62  63  64  65  66  189  188  187  186  283  282  281  356  355  354  353  352  403  402  403  404  397  408  409  410  411  388  389  328  327  246  245  244  139  138  137  116  115  114  115  116  117
  4   5   6   7   8   9  12  13  14  15  16  17  18  19  20  21  22  23  24  25  26  27  28  29  -1  41  42  43  44  45  46  47  54  53  54  55  56  57  58  59  60  61  62  63  64  65   66  187  186  185  184  281  280  279  278  353  352  351  402  401  404  405  396  395  410  411  390  389  390  329  328  329  246  245  140  139  138  115  114  113  114  115  116
  5   6   7   8   9  10  11  12  13  14  15  16  17  18  19  20  21  22  23  24  25  26  27  -1  -1  40  41  42  43  44  45  54  53  52  53  54  55  56  57  58  59  60  61  62  63  64   65   66  185  184  183  182  279  278  277  276  351  350  401  400  405  396  395  394  393  392  391  390  391  330  329  330  247  246  141  140  139  114  113  112  113  114  115
  6   7   8   9  10  11  12  13  14  15  16  17  18  19  20  21  22  23  24  25  34  35  36  37  38  39  40  41  42  43  44  53  52  51  52  53  54  55  56  57  58  59  60  61  62  63   64   65   66  183  182  181  180  277  276  275  350  349  400  399  398  397  396  339  394  393  392  391  332  331  330  331  248  247  142  141  140  113  112  111  112  113  114
  7   8   9  10  11  12  13  14  15  16  17  18  19  20  21  22  23  24  25  26  33  34  35  36  37  38  39  40  41  42  43  44  51  50  51  52  53  54  55  56  57  58  59  60  61  62   63   64   65   66  181  180  179  276  275  274  349  348  401  400  399  398  339  338  337  336  335  334  333  332  331  332  249  248  143  142  141  112  111  110  111  112  113
  8   9  10  11  12  13  14  15  16  17  18  19  20  21  22  23  24  25  26  27  32  33  34  35  36  37  38  39  40  41  42  43  44  49  50  51  52  53  54  55  56  57  58  59  60  61   62   63   64   65  180  179  178  275  274  273  348  347  346  401  342  341  340  339  338  337  336  335  334  333  332  251  250  249  144  143  142  107  110  109  110  111  112
  9  10  11  12  13  14  15  16  17  18  19  20  21  22  23  24  27  28  27  28  31  32  33  34  35  36  37  38  39  44  43  44  45  48  49  50  51  52  53  54  55  56  57  58  59  60   61   62   63   64   65  178  177  176  273  272  347  346  345  344  343  342  341  262  261  260  337  336  335  254  253  252  251  250  145  144  143  106  107  108  109  110  111
 10  11  12  13  14  15  16  17  18  19  20  21  22  23  24  25  26  27  28  29  30  31  32  33  34  35  36  37  38  43  44  45  46  47  48  49  50  51  52  53  54  55  56  57  58  59   60   61   62   63   64  177  176  175  272  271  270  347  346  345  344  343  262  261  260  259  258  257  256  255  254  253  252  147  146  145  144  105  106  107  108  109  110
 11  12  13  14  15  16  17  18  19  20  21  22  23  24  25  26  27  28  29  30  31  32  33  34  35  36  37  38  41  42  43  44  45  46  47  48  49  50  51  52  53  54  55  56  57  58   59   60   61   62   63   64  175  174  271  270  269  268  267  266  265  264  263  262  261  260  259  258  257  256  255  254  149  148  147  146  103  104  105  106  107  108  109
 12  13  14  15  16  17  18  19  20  21  22  23  24  25  26  27  28  29  30  31  32  33  34  35  36  37  38  39  40  41  42  43  44  45  46  47  48  49  50  51  52  53  54  55  56  57   58   59   60   61   62   63  174  173  172  271  270  269  268  267  266  265  264  159  158  157  156  155  154  153  152  151  150  149  148  101  102  103  104  105  106  107  108
 13  14  15  16  17  18  19  20  21  22  23  26  27  26  27  28  29  30  31  32  33  34  35  36  37  38  39  40  41  42  43  44  45  46  47  48  49  50  51  52  53  54  55  56  57  58   59   60   61   62   63   64  173  172  171  170  271  270  269  268  267  266  161  160  159  158  157  156  155  154  153  152  151  150   99  100  101  102  103  104  105  106  107
 14  15  16  17  18  19  20  21  22  23  24  25  26  27  28  29  30  31  32  33  34  35  36  37  38  39  40  41  42  43  44  45  46  47  48  49  50  51  52  53  54  55  56  57  58  59   60   61   62   63   64   65   66  171  170  169  168  167  166  165  164  163  162  161  160  159  158  157  156  155  154  153   96   97   98   99  100  101  102  103  104  105  106
 15  16  17  18  21  20  21  22  23  24  25  26  27  28  29  30  31  32  33  34  35  36  37  38  39  40  41  42  43  44  45  46  47  48  49  50  51  52  53  54  55  56  57  58  59  60   61   62   63   64   65   66   67   68  171  170  169  168  167  166  165  164  163  162   87   88   91   90   91   92   93   94   95   96   97   98   99  100  101  102  103  104  105
 16  17  18  19  20  21  22  23  24  25  26  27  28  29  30  31  32  33  34  35  36  37  38  39  40  41  42  43  44  45  46  47  48  49  50  51  52  53  54  55  56  57  58  59  60  61   62   63   64   65   66   67   68   69   70  171  170  169  168  167  166   83   84   85   86   87   90   89   90   91   92   93   94   95   96   97   98   99  100  101  102  103  104
 17  18  19  20  21  22  23  24  25  26  27  28  29  30  31  32  33  34  35  36  37  38  39  40  41  42  43  44  45  46  47  48  49  50  -1  52  53  54  55  56  57  58  59  60  61  62   63   64   65   66   67   68   69   70   71   72   73   74   75   76   81   82   83   84   85   86   87   88   89   90   91   92   93   94   95   96   97   98   99  102  103  104  103
 18  19  20  21  22  23  24  25  26  27  28  31  30  31  32  33  34  35  36  37  38  39  40  41  42  43  44  45  46  47  48  49  50  51  -1  53  54  55  56  57  58  59  60  61  62  63   64   65   66   67   68   69   70   71   72   73   74   75   76   77   80   81   82   83   84   85   86   87   88   89   90   91   92   93   94   95   96   97   98   99  100  101  102
 19  20  21  22  23  24  25  26  27  28  29  30  31  32  33  34  35  36  37  38  39  40  41  42  43  44  45  46  47  48  49  50  51  52  53  54  55  60  59  58  59  60  61  62  63  64   65   66   67   68   69   70   71   72   73   74   75   76   77   78   79   80   81   82   83   84   85   86   87   88   89   90   91   92   93   94   95   96   97   98   99  100  101
 20  21  22  23  24  25  26  -1  28  29  30  31  32  33  34  35  36  37  38  39  40  41  42  43  44  45  46  47  48  49  50  51  52  53  54  55  56  57  60  59  60  61  62  63  64  69   68   67   68   69   70   71   72   73   74   75   76   77   78   79   80   81   82   83   84   85   86   87   88   89   90   91   92   93   94   95   96   97   98   99  100  101  102